Human_id:99
Encoding:-0.2078796923160553,0.1401062309741974,-0.0013280152343213558,-0.048972439020872116,-0.13461843132972717,-0.06141320988535881,-0.028633829206228256,-0.119051493704319,0.07344027608633041,-0.10992129147052765,0.1916288286447525,0.022839974611997604,-0.2547973394393921,-0.04807057976722717,0.07820019870996475,0.10733181238174438,-0.04776397719979286,-0.10994721204042435,-0.16005758941173553,-0.13999322056770325,0.02124924212694168,0.0851258710026741,-0.05008086934685707,0.0911019816994667,-0.18072494864463806,-0.20368878543376923,-0.03482832759618759,-0.01747894659638405,0.05719246715307236,-0.095866359770298,0.05573773756623268,0.03628360107541084,-0.14536339044570923,-0.016172567382454872,0.023660611361265182,0.09551149606704712,-0.12825141847133636,-0.11006201058626175,0.24050219357013702,-0.047468528151512146,-0.16059665381908417,-0.012311513535678387,0.01728283241391182,0.26006102561950684,0.18721015751361847,-0.07839000970125198,0.0786447674036026,-0.10687345266342163,0.12307252734899521,-0.2452470362186432,0.07367110252380371,0.13041122257709503,0.09742072224617004,0.09327266365289688,0.007841821759939194,-0.19225910305976868,0.022151408717036247,0.21746209263801575,-0.263949453830719,0.05659138038754463,0.0660562664270401,-0.15700434148311615,-0.10617422312498093,-0.061429884284734726,0.15859243273735046,0.17163848876953125,-0.1158694252371788,-0.19838595390319824,0.17759013175964355,-0.24064743518829346,-0.08133521676063538,0.11129488050937653,-0.066291444003582,-0.22197552025318146,-0.284623920917511,0.07052089273929596,0.29408106207847595,0.25297972559928894,-0.18063758313655853,0.027316786348819733,-0.029377147555351257,0.009144946001470089,0.1267307847738266,0.06332698464393616,-0.059829793870449066,-0.151356503367424,-0.03752126917243004,0.04515998438000679,0.23880504071712494,0.03862994536757469,-0.08678868412971497,0.24698883295059204,0.1536369025707245,-0.029199963435530663,0.03816305473446846,0.0049863820895552635,-0.06346721947193146,-0.06038122624158859,-0.018646908923983574,0.04249585419893265,0.0010930802673101425,-0.10417047142982483,0.0619206503033638,0.11434973776340485,-0.13386547565460205,0.30701544880867004,0.020428426563739777,0.06998217850923538,0.00140486191958189,0.00029065669514238834,-0.10264968127012253,-0.03361446410417557,0.1346007138490677,-0.2472204566001892,0.22675171494483948,0.14445215463638306,0.042991410940885544,0.1890287846326828,0.10620768368244171,0.10044194757938385,0.049960531294345856,-0.00793531909584999,-0.1712133139371872,-0.05540687218308449,0.0929185301065445,-0.05285585671663284,0.10493205487728119,0.07906631380319595
