Human_id:98
Encoding:-0.08877620846033096,0.05193350836634636,-0.0636567622423172,-0.08597511053085327,-0.060295335948467255,-0.01907762512564659,0.01606186106801033,-0.07173848152160645,0.1814345270395279,-0.0545814149081707,0.1482001394033432,-0.027121959254145622,-0.20314189791679382,-0.030127037316560745,0.007760604843497276,0.07770282030105591,-0.25189146399497986,-0.11732667684555054,-0.06821051985025406,-0.08348896354436874,0.05390448495745659,0.03520563989877701,0.025660661980509758,0.1463109403848648,-0.06906071305274963,-0.2891474664211273,-0.09162382036447525,-0.2123618870973587,0.10442967712879181,-0.03617839887738228,0.032241784036159515,0.04416825994849205,-0.1270354837179184,-0.008624088019132614,-0.017174744978547096,-0.022317176684737206,-0.07394316047430038,-0.156782865524292,0.2608998417854309,-0.007430506404489279,-0.08727246522903442,-0.04579000547528267,0.006282679736614227,0.2973795533180237,0.1351958066225052,-0.05132816731929779,0.02727600932121277,-0.049866244196891785,0.17990650236606598,-0.28269249200820923,0.09983281791210175,0.19725249707698822,0.10914239287376404,0.10659173130989075,0.05476211756467819,-0.11295532435178757,0.08671896159648895,0.08272924274206161,-0.26466992497444153,0.12956103682518005,0.051001641899347305,-0.02718394435942173,-0.05269037187099457,-0.10606066882610321,0.175529345870018,0.14483581483364105,-0.09935604780912399,-0.11767956614494324,0.11071790009737015,-0.17631272971630096,-0.07080487906932831,0.0634998083114624,-0.15458275377750397,-0.21439304947853088,-0.1929275393486023,0.01729756034910679,0.363646000623703,0.2306070476770401,-0.1224246472120285,0.038455381989479065,-0.13365241885185242,-0.07807658612728119,0.052943501621484756,0.044389329850673676,-0.11106808483600616,-0.033851735293865204,-0.10086798667907715,0.09171853214502335,0.16380971670150757,-0.03707653284072876,-0.06577276438474655,0.27297016978263855,0.041960541158914566,-0.029397714883089066,0.030135193839669228,0.03880154713988304,-0.047142475843429565,-0.02718387171626091,-0.09012208878993988,0.012278150767087936,0.07882407307624817,-0.10980601608753204,-0.01692551001906395,0.034021805971860886,-0.191751167178154,0.18880677223205566,0.037195444107055664,-0.012702681124210358,-0.0008717486634850502,-0.042545855045318604,-0.16428221762180328,0.003344158409163356,0.19757427275180817,-0.19394956529140472,0.16948790848255157,0.10601495206356049,0.11912800371646881,0.18015366792678833,-0.024564269930124283,0.06629707664251328,-0.07500490546226501,-0.1192452609539032,-0.16855324804782867,-0.04836177080869675,0.09269280731678009,0.09174372255802155,0.004357036203145981,0.051478732377290726
